# Exported from Wings 3D 2.2.6.1
mtllib Snowflake.mtl
o SNOWFLAKE
#156 vertices, 308 faces
v 0.25000000 2.00000000 0.25000000
v 0.12500000 1.78349365 0.25000000
v -0.12500000 1.78349365 0.25000000
v -0.25000000 2.00000000 0.25000000
v -0.12500000 2.21650635 0.25000000
v 0.12500000 2.21650635 0.25000000
v 0.25000000 2.00000000 -0.25000000
v 0.12500000 1.78349365 -0.25000000
v -0.12500000 1.78349365 -0.25000000
v -0.25000000 2.00000000 -0.25000000
v -0.12500000 2.21650635 -0.25000000
v 0.12500000 2.21650635 -0.25000000
v 0.12500000 0.78349365 0.25000000
v -0.12500000 0.78349365 0.25000000
v -0.12500000 0.78349365 -0.25000000
v 0.12500000 0.78349365 -0.25000000
v -1.11602540 2.50000000 0.25000000
v -0.99102540 2.71650635 0.25000000
v -0.99102540 2.71650635 -0.25000000
v -1.11602540 2.50000000 -0.25000000
v 0.99102540 2.71650635 0.25000000
v 1.11602540 2.50000000 0.25000000
v 1.11602540 2.50000000 -0.25000000
v 0.99102540 2.71650635 -0.25000000
v 1.11602540 1.50000000 0.25000000
v 0.99102540 1.28349365 0.25000000
v 0.99102540 1.28349365 -0.25000000
v 1.11602540 1.50000000 -0.25000000
v -0.99102540 1.28349365 0.25000000
v -1.11602540 1.50000000 0.25000000
v -1.11602540 1.50000000 -0.25000000
v -0.99102540 1.28349365 -0.25000000
v -0.12500000 3.21650635 0.25000000
v 0.12500000 3.21650635 0.25000000
v 0.12500000 3.21650635 -0.25000000
v -0.12500000 3.21650635 -0.25000000
v -8.8817842e-16 3.43301270 -0.25000000
v -8.8817842e-16 3.43301270 0.25000000
v -1.24102540 2.71650635 -0.25000000
v -1.24102540 2.71650635 0.25000000
v -1.24102540 1.28349365 -0.25000000
v -1.24102540 1.28349365 0.25000000
v 0.0000000e+0 0.56698730 -0.25000000
v 0.0000000e+0 0.56698730 0.25000000
v 1.24102540 1.28349365 -0.25000000
v 1.24102540 1.28349365 0.25000000
v 1.24102540 2.71650635 -0.25000000
v 1.24102540 2.71650635 0.25000000
v 1.24102540 0.53349365 0.25000000
v 0.99102540 0.53349365 0.25000000
v 0.99102540 0.53349365 -0.25000000
v 1.24102540 0.53349365 -0.25000000
v -0.64951905 0.19198730 0.25000000
v -0.77451905 0.40849365 0.25000000
v -0.77451905 0.40849365 -0.25000000
v -0.64951905 0.19198730 -0.25000000
v -1.89054446 1.65849365 0.25000000
v -1.76554446 1.87500000 0.25000000
v -1.76554446 1.87500000 -0.25000000
v -1.89054446 1.65849365 -0.25000000
v -1.24102540 3.46650635 0.25000000
v -0.99102540 3.46650635 0.25000000
v -0.99102540 3.46650635 -0.25000000
v -1.24102540 3.46650635 -0.25000000
v 0.64951905 3.80801270 0.25000000
v 0.77451905 3.59150635 0.25000000
v 0.77451905 3.59150635 -0.25000000
v 0.64951905 3.80801270 -0.25000000
v 1.89054446 2.34150635 0.25000000
v 1.76554446 2.12500000 0.25000000
v 1.76554446 2.12500000 -0.25000000
v 1.89054446 2.34150635 -0.25000000
v 1.24102540 3.46650635 -0.25000000
v 0.99102540 3.46650635 -0.25000000
v 0.99102540 3.46650635 0.25000000
v 1.24102540 3.46650635 0.25000000
v 1.89054446 1.65849365 -0.25000000
v 1.76554446 1.87500000 -0.25000000
v 1.76554446 1.87500000 0.25000000
v 1.89054446 1.65849365 0.25000000
v 0.64951905 0.19198730 -0.25000000
v 0.77451905 0.40849365 -0.25000000
v 0.77451905 0.40849365 0.25000000
v 0.64951905 0.19198730 0.25000000
v -1.24102540 0.53349365 -0.25000000
v -0.99102540 0.53349365 -0.25000000
v -0.99102540 0.53349365 0.25000000
v -1.24102540 0.53349365 0.25000000
v -1.89054446 2.34150635 -0.25000000
v -1.76554446 2.12500000 -0.25000000
v -1.76554446 2.12500000 0.25000000
v -1.89054446 2.34150635 0.25000000
v -0.64951905 3.80801270 -0.25000000
v -0.77451905 3.59150635 -0.25000000
v -0.77451905 3.59150635 0.25000000
v -0.64951905 3.80801270 0.25000000
v 0.12500000 0.49481851 0.25000000
v 0.12500000 0.49481851 -0.25000000
v 0.12500000 3.50518149 -0.25000000
v 0.12500000 3.50518149 0.25000000
v -0.12500000 3.50518149 0.25000000
v -0.12500000 3.50518149 -0.25000000
v -0.12500000 0.49481851 -0.25000000
v -0.12500000 0.49481851 0.25000000
v -8.8817842e-16 4.00518149 -0.25000000
v -8.8817842e-16 4.00518149 0.25000000
v 0.12500000 4.00518149 0.25000000
v 0.12500000 4.00518149 -0.25000000
v -0.12500000 4.00518149 -0.25000000
v -0.12500000 4.00518149 0.25000000
v 1.36602540 1.35566243 0.25000000
v 1.36602540 1.35566243 -0.25000000
v -1.24102540 2.86084392 -0.25000000
v -1.24102540 2.86084392 0.25000000
v -1.36602540 2.64433757 0.25000000
v -1.36602540 2.64433757 -0.25000000
v 1.24102540 1.13915608 -0.25000000
v 1.24102540 1.13915608 0.25000000
v -1.73653811 3.00259074 -0.25000000
v -1.73653811 3.00259074 0.25000000
v -1.67403811 3.11084392 0.25000000
v -1.67403811 3.11084392 -0.25000000
v -1.79903811 2.89433757 -0.25000000
v -1.79903811 2.89433757 0.25000000
v -1.24102540 1.13915608 0.25000000
v -1.24102540 1.13915608 -0.25000000
v 1.36602540 2.64433757 -0.25000000
v 1.36602540 2.64433757 0.25000000
v 1.24102540 2.86084392 0.25000000
v 1.24102540 2.86084392 -0.25000000
v -1.36602540 1.35566243 -0.25000000
v -1.36602540 1.35566243 0.25000000
v -1.73653811 0.99740926 -0.25000000
v -1.73653811 0.99740926 0.25000000
v -1.67403811 0.88915608 -0.25000000
v -1.67403811 0.88915608 0.25000000
v -1.79903811 1.10566243 0.25000000
v -1.79903811 1.10566243 -0.25000000
v 0.0000000e+0 -5.1814855e-3 -0.25000000
v 0.0000000e+0 -5.1814855e-3 0.25000000
v 0.12500000 -5.1814855e-3 -0.25000000
v 0.12500000 -5.1814855e-3 0.25000000
v -0.12500000 -5.1814855e-3 0.25000000
v -0.12500000 -5.1814855e-3 -0.25000000
v 1.73653811 0.99740926 -0.25000000
v 1.73653811 0.99740926 0.25000000
v 1.79903811 1.10566243 -0.25000000
v 1.79903811 1.10566243 0.25000000
v 1.67403811 0.88915608 0.25000000
v 1.67403811 0.88915608 -0.25000000
v 1.73653811 3.00259074 -0.25000000
v 1.73653811 3.00259074 0.25000000
v 1.67403811 3.11084392 -0.25000000
v 1.67403811 3.11084392 0.25000000
v 1.79903811 2.89433757 0.25000000
v 1.79903811 2.89433757 -0.25000000
vt 0.47500000 0.49548402
vt 0.47500000 0.50451598
vt 0.47500000 0.49548402
vt 0.47500000 0.50451598
vt 0.47621005 0.48817354
vt 0.47621005 0.51182646
vt 0.47621005 0.48817354
vt 0.47621005 0.51182646
vt 0.47665296 0.49834704
vt 0.47665296 0.50165296
vt 0.47665296 0.49834704
vt 0.47665296 0.50165296
vt 0.47703653 0.48674204
vt 0.47703653 0.51325796
vt 0.47703653 0.48674204
vt 0.47703653 0.51325796
vt 0.47786302 0.48531053
vt 0.47786302 0.51468947
vt 0.47786302 0.48531053
vt 0.47786302 0.51468947
vt 0.48193608 0.49147947
vt 0.48193608 0.50852053
vt 0.48193608 0.49147947
vt 0.48193608 0.50852053
vt 0.48358905 0.48060735
vt 0.48358905 0.48861645
vt 0.48358905 0.49052513
vt 0.48358905 0.50947487
vt 0.48358905 0.51138355
vt 0.48358905 0.51939265
vt 0.48358905 0.48060735
vt 0.48358905 0.48861645
vt 0.48358905 0.49052513
vt 0.48358905 0.50947487
vt 0.48358905 0.51138355
vt 0.48358905 0.51939265
vt 0.48524201 0.49338815
vt 0.48524201 0.50661185
vt 0.48524201 0.49338815
vt 0.48524201 0.50661185
vt 0.48689497 0.48060735
vt 0.48689497 0.49052513
vt 0.48689497 0.50947487
vt 0.48689497 0.51939265
vt 0.48689497 0.48060735
vt 0.48689497 0.49052513
vt 0.48689497 0.50947487
vt 0.48689497 0.51939265
vt 0.48975799 0.47895439
vt 0.48975799 0.52104561
vt 0.48975799 0.47895439
vt 0.48975799 0.52104561
vt 0.48994542 0.49669407
vt 0.48994542 0.50330593
vt 0.48994542 0.49669407
vt 0.48994542 0.50330593
vt 0.49141095 0.47609138
vt 0.49141095 0.52390862
vt 0.49141095 0.47609138
vt 0.49141095 0.52390862
vt 0.49338815 0.49669407
vt 0.49338815 0.50330593
vt 0.49338815 0.49669407
vt 0.49338815 0.49669407
vt 0.49338815 0.50330593
vt 0.49504111 0.49669407
vt 0.49504111 0.49669407
vt 0.49504111 0.50330593
vt 0.49504111 0.50330593
vt 0.49599545 0.49669407
vt 0.49599545 0.50330593
vt 0.49599545 0.49669407
vt 0.49599545 0.49669407
vt 0.49599545 0.50330593
vt 0.49599545 0.50330593
vt 0.49599545 0.50330593
vt 0.49599545 0.49669407
vt 0.49669407 0.50000000
vt 0.49669407 0.49338815
vt 0.49669407 0.49338815
vt 0.49669407 0.49504111
vt 0.49669407 0.49669407
vt 0.49669407 0.49669407
vt 0.49669407 0.49834704
vt 0.49669407 0.50000000
vt 0.49669407 0.50165296
vt 0.49669407 0.50330593
vt 0.49669407 0.50330593
vt 0.49669407 0.50495889
vt 0.49669407 0.49338815
vt 0.49669407 0.49599545
vt 0.49669407 0.49669407
vt 0.49669407 0.49669407
vt 0.49669407 0.49834704
vt 0.49669407 0.49834704
vt 0.49669407 0.50000000
vt 0.49669407 0.50165296
vt 0.49669407 0.50330593
vt 0.49669407 0.50330593
vt 0.49669407 0.50400455
vt 0.49669407 0.50661185
vt 0.49809778 0.49669407
vt 0.49809778 0.50330593
vt 0.49834704 0.47348407
vt 0.49834704 0.48009593
vt 0.49834704 0.48391328
vt 0.49834704 0.49713698
vt 0.49834704 0.50286302
vt 0.49834704 0.51608672
vt 0.49834704 0.51990407
vt 0.49834704 0.52651593
vt 0.49834704 0.47348407
vt 0.49834704 0.48009593
vt 0.49834704 0.48391328
vt 0.49834704 0.49669407
vt 0.49834704 0.49713698
vt 0.49834704 0.50286302
vt 0.49834704 0.50330593
vt 0.49834704 0.51608672
vt 0.49834704 0.51990407
vt 0.49834704 0.52651593
vt 0.50000000 0.47348407
vt 0.50000000 0.48105026
vt 0.50000000 0.47348407
vt 0.50000000 0.48105026
vt 0.50000000 0.49669407
vt 0.50000000 0.50330593
vt 0.50000000 0.51894974
vt 0.50000000 0.51894974
vt 0.50000000 0.52651593
vt 0.50165296 0.47348407
vt 0.50165296 0.47348407
vt 0.50165296 0.48009593
vt 0.50165296 0.48009593
vt 0.50165296 0.48391328
vt 0.50165296 0.48391328
vt 0.50165296 0.49669407
vt 0.50165296 0.49713698
vt 0.50165296 0.49713698
vt 0.50165296 0.50286302
vt 0.50165296 0.50286302
vt 0.50165296 0.50330593
vt 0.50165296 0.51608672
vt 0.50165296 0.51608672
vt 0.50165296 0.51990407
vt 0.50165296 0.52651593
vt 0.50190222 0.49669407
vt 0.50190222 0.50330593
vt 0.50190222 0.49669407
vt 0.50190222 0.50330593
vt 0.50330593 0.49338815
vt 0.50330593 0.49338815
vt 0.50330593 0.49504111
vt 0.50330593 0.49599545
vt 0.50330593 0.49669407
vt 0.50330593 0.49669407
vt 0.50330593 0.49834704
vt 0.50330593 0.49834704
vt 0.50330593 0.50000000
vt 0.50330593 0.50000000
vt 0.50330593 0.50165296
vt 0.50330593 0.50330593
vt 0.50330593 0.50330593
vt 0.50330593 0.50400455
vt 0.50330593 0.50495889
vt 0.50330593 0.50661185
vt 0.50330593 0.49834704
vt 0.50330593 0.50000000
vt 0.50330593 0.50165296
vt 0.50330593 0.50330593
vt 0.50330593 0.50661185
vt 0.50400455 0.49669407
vt 0.50400455 0.49669407
vt 0.50400455 0.50330593
vt 0.50400455 0.50330593
vt 0.50495889 0.49669407
vt 0.50495889 0.49669407
vt 0.50495889 0.50330593
vt 0.50495889 0.50330593
vt 0.50661185 0.49669407
vt 0.50661185 0.49669407
vt 0.50661185 0.50330593
vt 0.50661185 0.50330593
vt 0.50858905 0.47609138
vt 0.50858905 0.52390862
vt 0.50858905 0.47609138
vt 0.50858905 0.52390862
vt 0.51005458 0.49669407
vt 0.51005458 0.50330593
vt 0.51024201 0.47895439
vt 0.51024201 0.52104561
vt 0.51024201 0.47895439
vt 0.51024201 0.52104561
vt 0.51310503 0.48060735
vt 0.51310503 0.49052513
vt 0.51310503 0.50947487
vt 0.51310503 0.51939265
vt 0.51310503 0.48060735
vt 0.51310503 0.49052513
vt 0.51310503 0.50947487
vt 0.51310503 0.51939265
vt 0.51475799 0.49338815
vt 0.51475799 0.49338815
vt 0.51475799 0.50661185
vt 0.51641095 0.48060735
vt 0.51641095 0.48060735
vt 0.51641095 0.48861645
vt 0.51641095 0.49052513
vt 0.51641095 0.49052513
vt 0.51641095 0.50947487
vt 0.51641095 0.50947487
vt 0.51641095 0.51138355
vt 0.51641095 0.51939265
vt 0.51641095 0.51939265
vt 0.51806392 0.49147947
vt 0.51806392 0.49147947
vt 0.51806392 0.50852053
vt 0.51806392 0.50852053
vt 0.52213698 0.48531053
vt 0.52213698 0.51468947
vt 0.52213698 0.48531053
vt 0.52213698 0.51468947
vt 0.52296347 0.48674204
vt 0.52296347 0.48674204
vt 0.52296347 0.51325796
vt 0.52334704 0.49834704
vt 0.52334704 0.50165296
vt 0.52334704 0.49834704
vt 0.52334704 0.50165296
vt 0.52378995 0.48817354
vt 0.52378995 0.51182646
vt 0.52378995 0.48817354
vt 0.52378995 0.51182646
vt 0.52500000 0.49548402
vt 0.52500000 0.49548402
vt 0.52500000 0.50451598
vn 6.8039253e-31 -1.2819751e-16 -1.00000000
vn -6.7616649e-31 7.3255721e-17 1.00000000
vn 9.7018839e-17 -1.9403768e-17 -1.00000000
vn -4.7580987e-17 1.4860082e-17 1.00000000
vn -5.7514740e-17 -9.7018839e-18 -1.00000000
vn 1.9818230e-16 1.1888065e-16 1.00000000
vn -4.0429121e-31 -1.6665677e-16 -1.00000000
vn 1.5495482e-30 2.3808109e-16 1.00000000
vn 3.8807536e-17 -9.7018839e-18 -1.00000000
vn -4.7580987e-17 2.9720163e-17 1.00000000
vn -9.7018839e-17 -1.9403768e-17 -1.00000000
vn -1.5845966e-16 -8.9160489e-17 1.00000000
vn 0.0000000e+0 2.0816682e-17 1.00000000
vn 0.0000000e+0 2.0816682e-17 1.00000000
vn 0.50000000 -0.86602540 0.0000000e+0
vn 0.50000000 0.86602540 0.0000000e+0
vn 0.0000000e+0 2.0816682e-17 1.00000000
vn 0.0000000e+0 2.0816682e-17 1.00000000
vn 0.0000000e+0 3.3306691e-17 1.00000000
vn 0.0000000e+0 3.3306691e-17 1.00000000
vn 0.0000000e+0 3.3306691e-17 1.00000000
vn -0.50000000 -0.86602540 0.0000000e+0
vn 1.00000000 0.0000000e+0 0.0000000e+0
vn 0.0000000e+0 3.3306691e-17 1.00000000
vn 0.0000000e+0 3.3306691e-17 1.00000000
vn 0.0000000e+0 4.1633363e-17 1.00000000
vn 0.0000000e+0 4.1633363e-17 1.00000000
vn 0.0000000e+0 4.1633363e-17 1.00000000
vn 0.0000000e+0 4.1633363e-17 1.00000000
vn -1.00000000 0.0000000e+0 0.0000000e+0
vn 0.50000000 -0.86602540 0.0000000e+0
vn 0.0000000e+0 4.1633363e-17 1.00000000
vn 0.0000000e+0 4.1633363e-17 1.00000000
vn 0.0000000e+0 2.0816682e-17 1.00000000
vn 0.0000000e+0 2.0816682e-17 1.00000000
vn -0.50000000 0.86602540 0.0000000e+0
vn -0.50000000 -0.86602540 0.0000000e+0
vn 0.0000000e+0 2.0816682e-17 1.00000000
vn 0.0000000e+0 2.0816682e-17 1.00000000
vn -1.8503717e-17 4.6259293e-17 1.00000000
vn -1.8503717e-17 4.6259293e-17 1.00000000
vn -1.8503717e-17 4.6259293e-17 1.00000000
vn -1.8503717e-17 4.6259293e-17 1.00000000
vn 0.50000000 0.86602540 0.0000000e+0
vn -1.00000000 -8.8817842e-16 0.0000000e+0
vn -1.8503717e-17 4.6259293e-17 1.00000000
vn -1.8503717e-17 4.6259293e-17 1.00000000
vn 0.0000000e+0 2.7755576e-17 1.00000000
vn 0.0000000e+0 2.7755576e-17 1.00000000
vn 0.0000000e+0 2.7755576e-17 1.00000000
vn 0.0000000e+0 2.7755576e-17 1.00000000
vn 1.00000000 8.8817842e-16 0.0000000e+0
vn -0.50000000 0.86602540 0.0000000e+0
vn 0.0000000e+0 2.7755576e-17 1.00000000
vn 0.50000000 -0.86602540 0.0000000e+0
vn 3.7007434e-17 -2.3129646e-17 -1.00000000
vn 0.50000000 0.86602540 0.0000000e+0
vn 3.7007434e-17 -2.3129646e-17 -1.00000000
vn 0.50000000 -0.86602540 0.0000000e+0
vn 3.7007434e-17 -2.3129646e-17 -1.00000000
vn 0.50000000 0.86602540 0.0000000e+0
vn 1.5860329e-17 -4.3615905e-17 -1.00000000
vn 1.00000000 0.0000000e+0 0.0000000e+0
vn -0.50000000 -0.86602540 0.0000000e+0
vn 1.5860329e-17 -4.3615905e-17 -1.00000000
vn 1.5860329e-17 -4.3615905e-17 -1.00000000
vn 1.5860329e-17 -4.3615905e-17 -1.00000000
vn 1.5860329e-17 -4.3615905e-17 -1.00000000
vn 1.5860329e-17 -4.3615905e-17 -1.00000000
vn -0.50000000 -0.86602540 0.0000000e+0
vn 1.5860329e-17 -4.3615905e-17 -1.00000000
vn 1.00000000 0.0000000e+0 0.0000000e+0
vn 0.0000000e+0 -2.7755576e-17 -1.00000000
vn -1.00000000 0.0000000e+0 0.0000000e+0
vn 0.0000000e+0 -2.7755576e-17 -1.00000000
vn 0.50000000 -0.86602540 0.0000000e+0
vn 0.0000000e+0 -2.7755576e-17 -1.00000000
vn 0.0000000e+0 -2.7755576e-17 -1.00000000
vn -1.00000000 0.0000000e+0 0.0000000e+0
vn 0.0000000e+0 -2.7755576e-17 -1.00000000
vn 0.50000000 -0.86602540 0.0000000e+0
vn 2.7755576e-17 -1.7347235e-17 -1.00000000
vn 2.7755576e-17 -1.7347235e-17 -1.00000000
vn -0.50000000 -0.86602540 0.0000000e+0
vn -0.50000000 0.86602540 0.0000000e+0
vn 2.7755576e-17 -1.7347235e-17 -1.00000000
vn -0.50000000 0.86602540 0.0000000e+0
vn 2.7755576e-17 -1.7347235e-17 -1.00000000
vn -0.50000000 -0.86602540 0.0000000e+0
vn 0.0000000e+0 -6.0137081e-17 -1.00000000
vn 0.50000000 0.86602540 0.0000000e+0
vn 0.0000000e+0 -6.0137081e-17 -1.00000000
vn -1.00000000 -8.6042284e-16 0.0000000e+0
vn 0.0000000e+0 -6.0137081e-17 -1.00000000
vn 0.0000000e+0 -6.0137081e-17 -1.00000000
vn 0.0000000e+0 -6.0137081e-17 -1.00000000
vn 0.50000000 0.86602540 0.0000000e+0
vn 0.0000000e+0 -6.0137081e-17 -1.00000000
vn -1.00000000 -8.6042284e-16 0.0000000e+0
vn 0.0000000e+0 -4.4408921e-17 -1.00000000
vn -0.50000000 0.86602540 0.0000000e+0
vn 1.00000000 9.0205621e-16 0.0000000e+0
vn 0.0000000e+0 -4.4408921e-17 -1.00000000
vn 0.0000000e+0 -4.4408921e-17 -1.00000000
vn 0.0000000e+0 -4.4408921e-17 -1.00000000
vn 0.0000000e+0 -4.4408921e-17 -1.00000000
vn 1.00000000 9.0205621e-16 0.0000000e+0
vn -0.50000000 0.86602540 0.0000000e+0
vn -2.0114958e-16 3.7772245e-16 1.00000000
vn 1.00000000 0.0000000e+0 0.0000000e+0
vn 0.50000000 0.86602540 -1.4802974e-16
vn -2.0114958e-16 3.7772245e-16 1.00000000
vn 1.00000000 0.0000000e+0 0.0000000e+0
vn 0.50000000 0.86602540 -1.4802974e-16
vn -2.0114958e-16 3.7772245e-16 1.00000000
vn -2.0114958e-16 3.7772245e-16 1.00000000
vn -2.0114958e-16 3.7772245e-16 1.00000000
vn 2.5143697e-16 4.4439749e-16 1.00000000
vn -1.00000000 0.0000000e+0 0.0000000e+0
vn -0.50000000 0.86602540 -1.4802974e-16
vn -0.50000000 0.86602540 -1.4802974e-16
vn -1.00000000 0.0000000e+0 0.0000000e+0
vn 2.5143697e-16 4.4439749e-16 1.00000000
vn 2.5143697e-16 4.4439749e-16 1.00000000
vn 2.5143697e-16 4.4439749e-16 1.00000000
vn -1.00000000 0.0000000e+0 0.0000000e+0
vn -2.9605947e-17 -2.1106569e-16 -1.00000000
vn -2.9605947e-17 -2.1106569e-16 -1.00000000
vn -2.9605947e-17 -2.1106569e-16 -1.00000000
vn -2.9605947e-17 -2.1106569e-16 -1.00000000
vn -0.50000000 0.86602540 -2.9605947e-16
vn -2.9605947e-17 -2.1106569e-16 -1.00000000
vn 3.7007434e-17 -2.3607653e-16 -1.00000000
vn 1.00000000 0.0000000e+0 0.0000000e+0
vn 3.7007434e-17 -2.3607653e-16 -1.00000000
vn 0.50000000 0.86602540 -2.9605947e-16
vn 3.7007434e-17 -2.3607653e-16 -1.00000000
vn 3.7007434e-17 -2.3607653e-16 -1.00000000
vn -2.2204460e-17 1.8503717e-17 1.00000000
vn -0.50000000 -0.86602540 0.0000000e+0
vn 0.50000000 -0.86602540 0.0000000e+0
vn -2.2204460e-17 1.8503717e-17 1.00000000
vn -0.50000000 -0.86602540 0.0000000e+0
vn 0.50000000 -0.86602540 0.0000000e+0
vn -2.2204460e-17 1.8503717e-17 1.00000000
vn -2.2204460e-17 1.8503717e-17 1.00000000
vn -2.2204460e-17 1.8503717e-17 1.00000000
vn 4.6259293e-17 6.9388939e-18 1.00000000
vn 0.50000000 0.86602540 0.0000000e+0
vn 1.00000000 0.0000000e+0 0.0000000e+0
vn 1.00000000 0.0000000e+0 0.0000000e+0
vn 0.50000000 0.86602540 0.0000000e+0
vn 4.6259293e-17 6.9388939e-18 1.00000000
vn 4.6259293e-17 6.9388939e-18 1.00000000
vn 4.6259293e-17 6.9388939e-18 1.00000000
vn 0.50000000 0.86602540 0.0000000e+0
vn -3.7007434e-17 -1.1102230e-17 -1.00000000
vn -3.7007434e-17 -1.1102230e-17 -1.00000000
vn -3.7007434e-17 -1.1102230e-17 -1.00000000
vn -3.7007434e-17 -1.1102230e-17 -1.00000000
vn 1.00000000 0.0000000e+0 0.0000000e+0
vn -3.7007434e-17 -1.1102230e-17 -1.00000000
vn 2.7755576e-17 -6.9388939e-18 -1.00000000
vn -0.50000000 -0.86602540 0.0000000e+0
vn 2.7755576e-17 -6.9388939e-18 -1.00000000
vn 0.50000000 -0.86602540 0.0000000e+0
vn 2.7755576e-17 -6.9388939e-18 -1.00000000
vn 2.7755576e-17 -6.9388939e-18 -1.00000000
vn -5.9211895e-17 1.1102230e-17 1.00000000
vn -0.50000000 0.86602540 0.0000000e+0
vn -1.00000000 0.0000000e+0 0.0000000e+0
vn -5.9211895e-17 1.1102230e-17 1.00000000
vn -0.50000000 0.86602540 0.0000000e+0
vn -1.00000000 0.0000000e+0 0.0000000e+0
vn -5.9211895e-17 1.1102230e-17 1.00000000
vn -5.9211895e-17 1.1102230e-17 1.00000000
vn -5.9211895e-17 1.1102230e-17 1.00000000
vn 3.7007434e-17 6.9388939e-18 1.00000000
vn 0.50000000 -0.86602540 0.0000000e+0
vn -0.50000000 -0.86602540 0.0000000e+0
vn -0.50000000 -0.86602540 0.0000000e+0
vn 0.50000000 -0.86602540 0.0000000e+0
vn 3.7007434e-17 6.9388939e-18 1.00000000
vn 3.7007434e-17 6.9388939e-18 1.00000000
vn 3.7007434e-17 6.9388939e-18 1.00000000
vn 0.50000000 -0.86602540 0.0000000e+0
vn -2.9605947e-17 -1.1102230e-17 -1.00000000
vn -2.9605947e-17 -1.1102230e-17 -1.00000000
vn -2.9605947e-17 -1.1102230e-17 -1.00000000
vn -0.50000000 -0.86602540 0.0000000e+0
vn -2.9605947e-17 -1.1102230e-17 -1.00000000
vn -2.9605947e-17 -1.1102230e-17 -1.00000000
vn 7.4014868e-17 -6.9388939e-18 -1.00000000
vn -0.50000000 0.86602540 0.0000000e+0
vn 7.4014868e-17 -6.9388939e-18 -1.00000000
vn -1.00000000 0.0000000e+0 0.0000000e+0
vn 7.4014868e-17 -6.9388939e-18 -1.00000000
vn 7.4014868e-17 -6.9388939e-18 -1.00000000
vn 0.0000000e+0 1.1102230e-17 1.00000000
vn 0.50000000 0.86602540 0.0000000e+0
vn -0.50000000 0.86602540 0.0000000e+0
vn 0.0000000e+0 1.1102230e-17 1.00000000
vn 0.50000000 0.86602540 0.0000000e+0
vn -0.50000000 0.86602540 0.0000000e+0
vn 0.0000000e+0 1.1102230e-17 1.00000000
vn 0.0000000e+0 1.1102230e-17 1.00000000
vn 0.0000000e+0 1.1102230e-17 1.00000000
vn 7.4014868e-17 6.9388939e-18 1.00000000
vn -0.50000000 -0.86602540 0.0000000e+0
vn -1.00000000 0.0000000e+0 0.0000000e+0
vn -1.00000000 0.0000000e+0 0.0000000e+0
vn -0.50000000 -0.86602540 0.0000000e+0
vn 7.4014868e-17 6.9388939e-18 1.00000000
vn 7.4014868e-17 6.9388939e-18 1.00000000
vn 7.4014868e-17 6.9388939e-18 1.00000000
vn -0.50000000 -0.86602540 0.0000000e+0
vn 0.0000000e+0 -1.0408341e-17 -1.00000000
vn 0.0000000e+0 -1.0408341e-17 -1.00000000
vn 0.0000000e+0 -1.0408341e-17 -1.00000000
vn -1.00000000 0.0000000e+0 0.0000000e+0
vn 0.0000000e+0 -1.0408341e-17 -1.00000000
vn 5.1810408e-17 -1.6653345e-17 -1.00000000
vn 0.50000000 0.86602540 0.0000000e+0
vn 5.1810408e-17 -1.6653345e-17 -1.00000000
vn 5.1810408e-17 -1.6653345e-17 -1.00000000
vn -0.50000000 0.86602540 0.0000000e+0
vn 5.1810408e-17 -1.6653345e-17 -1.00000000
vn 5.1810408e-17 -1.6653345e-17 -1.00000000
vn -5.9211895e-17 1.1102230e-17 1.00000000
vn 0.50000000 -0.86602540 0.0000000e+0
vn 1.00000000 0.0000000e+0 0.0000000e+0
vn -5.9211895e-17 1.1102230e-17 1.00000000
vn 0.50000000 -0.86602540 0.0000000e+0
vn 1.00000000 0.0000000e+0 0.0000000e+0
vn -5.9211895e-17 1.1102230e-17 1.00000000
vn -5.9211895e-17 1.1102230e-17 1.00000000
vn -5.9211895e-17 1.1102230e-17 1.00000000
vn 0.0000000e+0 6.9388939e-18 1.00000000
vn -0.50000000 0.86602540 0.0000000e+0
vn 0.50000000 0.86602540 0.0000000e+0
vn 0.50000000 0.86602540 0.0000000e+0
vn -0.50000000 0.86602540 0.0000000e+0
vn 0.0000000e+0 6.9388939e-18 1.00000000
vn 0.0000000e+0 6.9388939e-18 1.00000000
vn 0.0000000e+0 6.9388939e-18 1.00000000
vn -0.50000000 0.86602540 0.0000000e+0
vn -1.0652445e-16 -5.5511151e-18 -1.00000000
vn -1.0652445e-16 -5.5511151e-18 -1.00000000
vn -1.0652445e-16 -5.5511151e-18 -1.00000000
vn -1.0652445e-16 -5.5511151e-18 -1.00000000
vn 0.50000000 0.86602540 0.0000000e+0
vn -1.0652445e-16 -5.5511151e-18 -1.00000000
vn 0.0000000e+0 -3.4694470e-18 -1.00000000
vn 0.50000000 -0.86602540 0.0000000e+0
vn 0.0000000e+0 -3.4694470e-18 -1.00000000
vn 1.00000000 0.0000000e+0 0.0000000e+0
vn 0.0000000e+0 -3.4694470e-18 -1.00000000
vn 0.0000000e+0 -3.4694470e-18 -1.00000000
vn -1.00000000 -8.6042284e-16 0.0000000e+0
vn -0.50000000 -0.86602540 0.0000000e+0
vn -9.6148134e-17 1.5595309e-16 1.00000000
vn -1.00000000 -8.6042284e-16 0.0000000e+0
vn -0.50000000 -0.86602540 0.0000000e+0
vn -9.6148134e-17 1.5595309e-16 1.00000000
vn -9.6148134e-17 1.5595309e-16 1.00000000
vn -9.6148134e-17 1.5595309e-16 1.00000000
vn 1.0652445e-16 1.4696693e-16 1.00000000
vn 1.00000000 9.0205621e-16 0.0000000e+0
vn 0.50000000 -0.86602540 0.0000000e+0
vn 0.50000000 -0.86602540 0.0000000e+0
vn 1.00000000 9.0205621e-16 0.0000000e+0
vn 1.0652445e-16 1.4696693e-16 1.00000000
vn 1.0652445e-16 1.4696693e-16 1.00000000
vn 1.0652445e-16 1.4696693e-16 1.00000000
vn 1.0652445e-16 1.4696693e-16 1.00000000
vn 1.00000000 9.1593400e-16 0.0000000e+0
vn -7.6918507e-17 -1.9481089e-16 -1.00000000
vn -7.6918507e-17 -1.9481089e-16 -1.00000000
vn -7.6918507e-17 -1.9481089e-16 -1.00000000
vn -7.6918507e-17 -1.9481089e-16 -1.00000000
vn 0.50000000 -0.86602540 0.0000000e+0
vn -7.6918507e-17 -1.9481089e-16 -1.00000000
vn 9.6148134e-17 -2.0188025e-16 -1.00000000
vn -1.00000000 -8.3266727e-16 0.0000000e+0
vn 9.6148134e-17 -2.0188025e-16 -1.00000000
vn -0.50000000 -0.86602540 0.0000000e+0
vn 9.6148134e-17 -2.0188025e-16 -1.00000000
vn 9.6148134e-17 -2.0188025e-16 -1.00000000
vn 0.0000000e+0 -1.00000000 0.0000000e+0
vn 0.0000000e+0 0.0000000e+0 1.00000000
vn 1.00000000 0.0000000e+0 0.0000000e+0
vn 1.00000000 0.0000000e+0 0.0000000e+0
vn 0.0000000e+0 -1.00000000 0.0000000e+0
vn 1.4802974e-16 0.0000000e+0 1.00000000
vn -1.00000000 0.0000000e+0 0.0000000e+0
vn 0.0000000e+0 -1.00000000 0.0000000e+0
vn 1.4802974e-16 0.0000000e+0 1.00000000
vn 0.0000000e+0 -1.00000000 0.0000000e+0
vn -1.00000000 0.0000000e+0 0.0000000e+0
vn 0.0000000e+0 -1.00000000 0.0000000e+0
vn -1.00000000 0.0000000e+0 0.0000000e+0
vn 0.0000000e+0 0.0000000e+0 -1.00000000
vn 0.0000000e+0 0.0000000e+0 -1.00000000
vn 0.0000000e+0 -1.00000000 0.0000000e+0
vn 1.00000000 0.0000000e+0 0.0000000e+0
vn 0.0000000e+0 0.0000000e+0 -1.00000000
vn -0.86602540 -0.50000000 2.2204460e-16
vn 0.0000000e+0 4.7624615e-16 1.00000000
vn 0.50000000 -0.86602540 5.4992169e-16
vn 0.50000000 -0.86602540 5.4992169e-16
vn -0.86602540 -0.50000000 2.2204460e-16
vn -7.4014868e-17 5.2656748e-16 1.00000000
vn -0.50000000 0.86602540 0.0000000e+0
vn -0.86602540 -0.50000000 0.0000000e+0
vn -7.4014868e-17 5.2656748e-16 1.00000000
vn -0.86602540 -0.50000000 2.2204460e-16
vn -0.50000000 0.86602540 -1.4802974e-16
vn -0.86602540 -0.50000000 2.2204460e-16
vn -0.50000000 0.86602540 -1.4802974e-16
vn -1.1984168e-16 -2.9765384e-16 -1.00000000
vn -1.1984168e-16 -2.9765384e-16 -1.00000000
vn -0.86602540 -0.50000000 4.4408921e-16
vn 0.50000000 -0.86602540 7.3322892e-16
vn -9.1653615e-17 -3.0686329e-16 -1.00000000
vn -0.86602540 0.50000000 0.0000000e+0
vn 0.0000000e+0 0.0000000e+0 1.00000000
vn -0.50000000 -0.86602540 0.0000000e+0
vn -0.50000000 -0.86602540 0.0000000e+0
vn -0.86602540 0.50000000 0.0000000e+0
vn 0.0000000e+0 0.0000000e+0 1.00000000
vn 0.50000000 0.86602540 0.0000000e+0
vn -0.86602540 0.50000000 0.0000000e+0
vn 0.0000000e+0 0.0000000e+0 1.00000000
vn -0.86602540 0.50000000 0.0000000e+0
vn 0.50000000 0.86602540 0.0000000e+0
vn -0.86602540 0.50000000 0.0000000e+0
vn 0.50000000 0.86602540 0.0000000e+0
vn -2.8188061e-17 0.0000000e+0 -1.00000000
vn -2.8188061e-17 0.0000000e+0 -1.00000000
vn -0.86602540 0.50000000 0.0000000e+0
vn -0.50000000 -0.86602540 0.0000000e+0
vn 9.1653615e-17 0.0000000e+0 -1.00000000
vn 0.0000000e+0 1.00000000 0.0000000e+0
vn 0.0000000e+0 0.0000000e+0 1.00000000
vn -1.00000000 0.0000000e+0 0.0000000e+0
vn -1.00000000 0.0000000e+0 0.0000000e+0
vn 0.0000000e+0 1.00000000 0.0000000e+0
vn 1.4802974e-16 0.0000000e+0 1.00000000
vn 1.00000000 0.0000000e+0 0.0000000e+0
vn 0.0000000e+0 1.00000000 0.0000000e+0
vn 1.4802974e-16 0.0000000e+0 1.00000000
vn 0.0000000e+0 1.00000000 0.0000000e+0
vn 1.00000000 0.0000000e+0 0.0000000e+0
vn 0.0000000e+0 1.00000000 0.0000000e+0
vn 1.00000000 0.0000000e+0 0.0000000e+0
vn -1.4802974e-16 0.0000000e+0 -1.00000000
vn -1.4802974e-16 0.0000000e+0 -1.00000000
vn 0.0000000e+0 1.00000000 0.0000000e+0
vn -1.00000000 0.0000000e+0 0.0000000e+0
vn 0.0000000e+0 0.0000000e+0 -1.00000000
vn 0.86602540 0.50000000 0.0000000e+0
vn 9.1653615e-17 1.4197494e-16 1.00000000
vn -0.50000000 0.86602540 0.0000000e+0
vn -0.50000000 0.86602540 0.0000000e+0
vn 0.86602540 0.50000000 0.0000000e+0
vn 1.1984168e-16 1.6713561e-16 1.00000000
vn 0.50000000 -0.86602540 0.0000000e+0
vn 0.86602540 0.50000000 0.0000000e+0
vn 1.1984168e-16 1.6713561e-16 1.00000000
vn 0.86602540 0.50000000 0.0000000e+0
vn 0.50000000 -0.86602540 0.0000000e+0
vn 0.86602540 0.50000000 0.0000000e+0
vn 0.50000000 -0.86602540 0.0000000e+0
vn -4.5826807e-17 -2.3812308e-16 -1.00000000
vn -4.5826807e-17 -2.3812308e-16 -1.00000000
vn 0.86602540 0.50000000 0.0000000e+0
vn -0.50000000 0.86602540 0.0000000e+0
vn -9.1653615e-17 -2.8394988e-16 -1.00000000
vn 0.86602540 -0.50000000 0.0000000e+0
vn 0.0000000e+0 0.0000000e+0 1.00000000
vn 0.50000000 0.86602540 0.0000000e+0
vn 0.86602540 -0.50000000 0.0000000e+0
vn 0.50000000 0.86602540 0.0000000e+0
vn 7.4014868e-17 0.0000000e+0 1.00000000
vn -0.50000000 -0.86602540 0.0000000e+0
vn 0.86602540 -0.50000000 0.0000000e+0
vn 7.4014868e-17 0.0000000e+0 1.00000000
vn 0.86602540 -0.50000000 0.0000000e+0
vn -0.50000000 -0.86602540 0.0000000e+0
vn 0.86602540 -0.50000000 0.0000000e+0
vn -7.4014868e-17 0.0000000e+0 -1.00000000
vn -7.4014868e-17 0.0000000e+0 -1.00000000
vn -0.50000000 -0.86602540 0.0000000e+0
vn 0.86602540 -0.50000000 0.0000000e+0
vn 0.0000000e+0 0.0000000e+0 -1.00000000
vn 0.50000000 0.86602540 0.0000000e+0
vn 0.0000000e+0 0.0000000e+0 -1.00000000
vn 0.0000000e+0 1.00000000 0.0000000e+0
vn 1.00000000 0.0000000e+0 0.0000000e+0
vn 0.0000000e+0 1.00000000 0.0000000e+0
vn 1.4802974e-16 0.0000000e+0 -1.00000000
vn -1.00000000 0.0000000e+0 0.0000000e+0
vn -1.00000000 0.0000000e+0 0.0000000e+0
vn 0.0000000e+0 1.00000000 0.0000000e+0
vn 1.4802974e-16 0.0000000e+0 -1.00000000
vn 0.0000000e+0 1.00000000 0.0000000e+0
vn -1.00000000 0.0000000e+0 0.0000000e+0
vn -1.4802974e-16 0.0000000e+0 1.00000000
vn -1.4802974e-16 0.0000000e+0 1.00000000
vn 0.0000000e+0 1.00000000 0.0000000e+0
vn 1.00000000 0.0000000e+0 0.0000000e+0
vn 0.0000000e+0 1.00000000 0.0000000e+0
vn 1.00000000 0.0000000e+0 0.0000000e+0
vn 0.0000000e+0 0.0000000e+0 1.00000000
vn -9.1653615e-17 0.0000000e+0 -1.00000000
vn 0.86602540 0.50000000 0.0000000e+0
vn 0.50000000 -0.86602540 0.0000000e+0
vn 0.86602540 0.50000000 0.0000000e+0
vn 2.8188061e-17 0.0000000e+0 -1.00000000
vn -0.50000000 0.86602540 0.0000000e+0
vn -0.50000000 0.86602540 0.0000000e+0
vn 0.86602540 0.50000000 0.0000000e+0
vn 2.8188061e-17 0.0000000e+0 -1.00000000
vn 0.86602540 0.50000000 0.0000000e+0
vn -0.50000000 0.86602540 0.0000000e+0
vn 0.0000000e+0 0.0000000e+0 1.00000000
vn 0.0000000e+0 0.0000000e+0 1.00000000
vn 0.86602540 0.50000000 0.0000000e+0
vn 0.50000000 -0.86602540 0.0000000e+0
vn 0.86602540 0.50000000 0.0000000e+0
vn 0.50000000 -0.86602540 0.0000000e+0
vn 0.0000000e+0 0.0000000e+0 1.00000000
vn 9.1653615e-17 -3.0686329e-16 -1.00000000
vn 0.86602540 -0.50000000 4.4408921e-16
vn -0.50000000 -0.86602540 7.3322892e-16
vn 0.86602540 -0.50000000 2.2204460e-16
vn 1.1984168e-16 -2.9765384e-16 -1.00000000
vn 0.50000000 0.86602540 -1.4802974e-16
vn 0.50000000 0.86602540 -1.4802974e-16
vn 0.86602540 -0.50000000 2.2204460e-16
vn 1.1984168e-16 -2.9765384e-16 -1.00000000
vn 0.86602540 -0.50000000 0.0000000e+0
vn 0.50000000 0.86602540 0.0000000e+0
vn 7.4014868e-17 5.2656748e-16 1.00000000
vn 7.4014868e-17 5.2656748e-16 1.00000000
vn 0.86602540 -0.50000000 2.2204460e-16
vn -0.50000000 -0.86602540 7.3322892e-16
vn 0.86602540 -0.50000000 2.2204460e-16
vn -0.50000000 -0.86602540 7.3322892e-16
vn 0.0000000e+0 4.7624615e-16 1.00000000
vn 0.0000000e+0 0.0000000e+0 -1.00000000
vn 0.0000000e+0 -1.00000000 0.0000000e+0
vn -1.00000000 0.0000000e+0 0.0000000e+0
vn 0.0000000e+0 -1.00000000 0.0000000e+0
vn 0.0000000e+0 0.0000000e+0 -1.00000000
vn 1.00000000 0.0000000e+0 0.0000000e+0
vn 1.00000000 0.0000000e+0 0.0000000e+0
vn 0.0000000e+0 -1.00000000 0.0000000e+0
vn 0.0000000e+0 0.0000000e+0 -1.00000000
vn 0.0000000e+0 -1.00000000 0.0000000e+0
vn 1.00000000 0.0000000e+0 0.0000000e+0
vn -1.4802974e-16 0.0000000e+0 1.00000000
vn -1.4802974e-16 0.0000000e+0 1.00000000
vn 0.0000000e+0 -1.00000000 0.0000000e+0
vn -1.00000000 0.0000000e+0 0.0000000e+0
vn 0.0000000e+0 -1.00000000 0.0000000e+0
vn -1.00000000 0.0000000e+0 0.0000000e+0
vn 0.0000000e+0 0.0000000e+0 1.00000000
vn 0.0000000e+0 0.0000000e+0 -1.00000000
vn -0.86602540 -0.50000000 0.0000000e+0
vn -0.50000000 0.86602540 0.0000000e+0
vn -0.86602540 -0.50000000 0.0000000e+0
vn 0.0000000e+0 0.0000000e+0 -1.00000000
vn 0.50000000 -0.86602540 0.0000000e+0
vn 0.50000000 -0.86602540 0.0000000e+0
vn -0.86602540 -0.50000000 0.0000000e+0
vn 0.0000000e+0 0.0000000e+0 -1.00000000
vn -0.86602540 -0.50000000 0.0000000e+0
vn 0.50000000 -0.86602540 0.0000000e+0
vn 4.5826807e-17 2.9960419e-17 1.00000000
vn 4.5826807e-17 2.9960419e-17 1.00000000
vn -0.86602540 -0.50000000 0.0000000e+0
vn -0.50000000 0.86602540 0.0000000e+0
vn -0.86602540 -0.50000000 0.0000000e+0
vn -0.50000000 0.86602540 0.0000000e+0
vn 9.1653615e-17 2.2913404e-17 1.00000000
vn 9.1653615e-17 -2.8394988e-16 -1.00000000
vn -0.86602540 0.50000000 0.0000000e+0
vn 0.50000000 0.86602540 0.0000000e+0
vn -0.86602540 0.50000000 0.0000000e+0
vn 4.5826807e-17 -2.3812308e-16 -1.00000000
vn -0.50000000 -0.86602540 0.0000000e+0
vn -0.50000000 -0.86602540 0.0000000e+0
vn -0.86602540 0.50000000 0.0000000e+0
vn 4.5826807e-17 -2.3812308e-16 -1.00000000
vn -0.86602540 0.50000000 0.0000000e+0
vn -0.50000000 -0.86602540 0.0000000e+0
vn -4.5826807e-17 1.6713561e-16 1.00000000
vn -4.5826807e-17 1.6713561e-16 1.00000000
vn -0.86602540 0.50000000 0.0000000e+0
vn 0.50000000 0.86602540 0.0000000e+0
vn -0.86602540 0.50000000 0.0000000e+0
vn 0.50000000 0.86602540 0.0000000e+0
vn -9.1653615e-17 1.4197494e-16 1.00000000
vn -3.9021485e-16 4.0750594e-16 1.00000000
vn -0.50000000 -0.86602540 7.3322892e-16
vn -3.9021485e-16 4.0750594e-16 1.00000000
vn 1.00000000 0.0000000e+0 0.0000000e+0
vn -3.9021485e-16 4.0750594e-16 1.00000000
vn -3.9021485e-16 4.0750594e-16 1.00000000
vn 1.9496582e-16 -1.7675042e-16 -1.00000000
vn -0.50000000 -0.86602540 7.3322892e-16
vn 1.9496582e-16 -1.7675042e-16 -1.00000000
vn 1.00000000 0.0000000e+0 0.0000000e+0
vn -0.50000000 -0.86602540 7.3322892e-16
vn 1.00000000 0.0000000e+0 0.0000000e+0
vn 1.9496582e-16 -1.7675042e-16 -1.00000000
vn 1.9496582e-16 -1.7675042e-16 -1.00000000
vn 1.9496582e-16 -1.7675042e-16 -1.00000000
vn -3.7037927e-17 -1.3370848e-16 -1.00000000
vn -0.50000000 0.86602540 0.0000000e+0
vn 1.00000000 0.0000000e+0 0.0000000e+0
vn -3.7037927e-17 -1.3370848e-16 -1.00000000
vn 1.00000000 0.0000000e+0 0.0000000e+0
vn -0.50000000 0.86602540 0.0000000e+0
vn -3.7037927e-17 -1.3370848e-16 -1.00000000
vn -3.7037927e-17 -1.3370848e-16 -1.00000000
vn -3.7037927e-17 -1.3370848e-16 -1.00000000
vn 2.3933570e-16 1.3164187e-16 1.00000000
vn -0.50000000 0.86602540 0.0000000e+0
vn 2.3933570e-16 1.3164187e-16 1.00000000
vn 1.00000000 0.0000000e+0 0.0000000e+0
vn 2.3933570e-16 1.3164187e-16 1.00000000
vn 2.3933570e-16 1.3164187e-16 1.00000000
vn -2.0232826e-16 1.3164187e-16 1.00000000
vn 0.50000000 0.86602540 0.0000000e+0
vn -2.0232826e-16 1.3164187e-16 1.00000000
vn -1.00000000 0.0000000e+0 0.0000000e+0
vn -2.0232826e-16 1.3164187e-16 1.00000000
vn -2.0232826e-16 1.3164187e-16 1.00000000
vn 3.7037927e-17 -1.3370848e-16 -1.00000000
vn 0.50000000 0.86602540 0.0000000e+0
vn 3.7037927e-17 -1.3370848e-16 -1.00000000
vn -1.00000000 0.0000000e+0 0.0000000e+0
vn 0.50000000 0.86602540 0.0000000e+0
vn -1.00000000 0.0000000e+0 0.0000000e+0
vn 3.7037927e-17 -1.3370848e-16 -1.00000000
vn 3.7037927e-17 -1.3370848e-16 -1.00000000
vn 3.7037927e-17 -1.3370848e-16 -1.00000000
vn -2.8378366e-16 -1.7675042e-16 -1.00000000
vn 0.50000000 -0.86602540 5.4992169e-16
vn -1.00000000 0.0000000e+0 0.0000000e+0
vn -2.8378366e-16 -1.7675042e-16 -1.00000000
vn -1.00000000 0.0000000e+0 0.0000000e+0
vn 0.50000000 -0.86602540 5.4992169e-16
vn -2.8378366e-16 -1.7675042e-16 -1.00000000
vn -2.8378366e-16 -1.7675042e-16 -1.00000000
vn -2.8378366e-16 -1.7675042e-16 -1.00000000
vn 3.9021485e-16 4.0750594e-16 1.00000000
vn 0.50000000 -0.86602540 3.6661446e-16
vn 3.9021485e-16 4.0750594e-16 1.00000000
vn -1.00000000 0.0000000e+0 0.0000000e+0
vn 3.9021485e-16 4.0750594e-16 1.00000000
vn 3.9021485e-16 4.0750594e-16 1.00000000
vn 0.0000000e+0 1.00000000 0.0000000e+0
vn 0.0000000e+0 1.00000000 0.0000000e+0
vn -3.3280069e-31 0.0000000e+0 -1.00000000
vn -3.3280069e-31 0.0000000e+0 -1.00000000
vn 0.0000000e+0 1.00000000 0.0000000e+0
vn 0.0000000e+0 1.00000000 0.0000000e+0
vn -3.3280069e-31 0.0000000e+0 -1.00000000
vn -3.3280069e-31 0.0000000e+0 -1.00000000
vn 0.0000000e+0 1.00000000 0.0000000e+0
vn 0.0000000e+0 1.00000000 0.0000000e+0
vn 0.0000000e+0 0.0000000e+0 1.00000000
vn 0.0000000e+0 0.0000000e+0 1.00000000
vn 0.0000000e+0 1.00000000 0.0000000e+0
vn 1.6653345e-16 0.0000000e+0 1.00000000
vn 1.00000000 0.0000000e+0 0.0000000e+0
vn 0.0000000e+0 1.00000000 0.0000000e+0
vn 1.00000000 0.0000000e+0 0.0000000e+0
vn 1.6653345e-16 0.0000000e+0 1.00000000
vn 0.0000000e+0 1.00000000 0.0000000e+0
vn 1.00000000 0.0000000e+0 0.0000000e+0
vn 0.0000000e+0 0.0000000e+0 -1.00000000
vn 0.0000000e+0 1.00000000 0.0000000e+0
vn 0.0000000e+0 0.0000000e+0 -1.00000000
vn -1.00000000 0.0000000e+0 0.0000000e+0
vn 0.0000000e+0 1.00000000 0.0000000e+0
vn -1.00000000 0.0000000e+0 0.0000000e+0
vn -1.6653345e-16 0.0000000e+0 1.00000000
vn -1.00000000 0.0000000e+0 0.0000000e+0
vn 0.0000000e+0 1.00000000 0.0000000e+0
vn -1.6653345e-16 0.0000000e+0 1.00000000
vn -2.7755576e-17 2.7755576e-17 1.00000000
vn 0.50000000 -0.86602540 0.0000000e+0
vn -2.7755576e-17 2.7755576e-17 1.00000000
vn 0.50000000 0.86602540 0.0000000e+0
vn -2.7755576e-17 2.7755576e-17 1.00000000
vn -2.7755576e-17 2.7755576e-17 1.00000000
vn 5.0082760e-17 1.7655140e-17 -1.00000000
vn 0.50000000 -0.86602540 0.0000000e+0
vn 5.0082760e-17 1.7655140e-17 -1.00000000
vn 0.50000000 0.86602540 0.0000000e+0
vn 0.50000000 -0.86602540 0.0000000e+0
vn 0.50000000 0.86602540 0.0000000e+0
vn 5.0082760e-17 1.7655140e-17 -1.00000000
vn 5.0082760e-17 1.7655140e-17 -1.00000000
vn 5.0082760e-17 1.7655140e-17 -1.00000000
vn -2.0404359e-17 -1.1102230e-17 -1.00000000
vn -1.00000000 0.0000000e+0 0.0000000e+0
vn 0.50000000 0.86602540 0.0000000e+0
vn -2.0404359e-17 -1.1102230e-17 -1.00000000
vn 0.50000000 0.86602540 0.0000000e+0
vn -1.00000000 0.0000000e+0 0.0000000e+0
vn -2.0404359e-17 -1.1102230e-17 -1.00000000
vn -2.0404359e-17 -1.1102230e-17 -1.00000000
vn -2.0404359e-17 -1.1102230e-17 -1.00000000
vn 1.8503717e-17 0.0000000e+0 1.00000000
vn -1.00000000 0.0000000e+0 0.0000000e+0
vn 1.8503717e-17 0.0000000e+0 1.00000000
vn 0.50000000 0.86602540 0.0000000e+0
vn 1.8503717e-17 0.0000000e+0 1.00000000
vn 1.8503717e-17 0.0000000e+0 1.00000000
vn -4.8421719e-18 2.8857997e-17 1.00000000
vn -0.50000000 0.86602540 0.0000000e+0
vn -4.8421719e-18 2.8857997e-17 1.00000000
vn -0.50000000 -0.86602540 0.0000000e+0
vn -4.8421719e-18 2.8857997e-17 1.00000000
vn -4.8421719e-18 2.8857997e-17 1.00000000
vn 5.8211304e-17 -3.0505998e-17 -1.00000000
vn -0.50000000 0.86602540 0.0000000e+0
vn 5.8211304e-17 -3.0505998e-17 -1.00000000
vn -0.50000000 -0.86602540 0.0000000e+0
vn -0.50000000 0.86602540 0.0000000e+0
vn -0.50000000 -0.86602540 0.0000000e+0
vn 5.8211304e-17 -3.0505998e-17 -1.00000000
vn 5.8211304e-17 -3.0505998e-17 -1.00000000
vn 5.8211304e-17 -3.0505998e-17 -1.00000000
vn 0.0000000e+0 -4.9561484e-17 -1.00000000
vn 1.00000000 0.0000000e+0 0.0000000e+0
vn -0.50000000 -0.86602540 0.0000000e+0
vn 0.0000000e+0 -4.9561484e-17 -1.00000000
vn -0.50000000 -0.86602540 0.0000000e+0
vn 1.00000000 0.0000000e+0 0.0000000e+0
vn 0.0000000e+0 -4.9561484e-17 -1.00000000
vn 0.0000000e+0 -4.9561484e-17 -1.00000000
vn 0.0000000e+0 -4.9561484e-17 -1.00000000
vn 1.8503717e-17 0.0000000e+0 1.00000000
vn 1.00000000 0.0000000e+0 0.0000000e+0
vn 1.8503717e-17 0.0000000e+0 1.00000000
vn -0.50000000 -0.86602540 0.0000000e+0
vn 1.8503717e-17 0.0000000e+0 1.00000000
vn 1.8503717e-17 0.0000000e+0 1.00000000
vn -0.86602540 0.50000000 0.0000000e+0
vn -0.86602540 0.50000000 0.0000000e+0
vn 1.2127355e-16 -5.2010285e-17 -1.00000000
vn 1.2127355e-16 -5.2010285e-17 -1.00000000
vn -0.86602540 0.50000000 0.0000000e+0
vn -0.86602540 0.50000000 0.0000000e+0
